function [ i, j, v ] = harvard_st ( )

%*****************************************************************************80
%
%% harvard_st() returns the Harvard web matrix in sparse triplet form.
%
%  Discussion:
%
%    500 nodes, 2636 links.
%
%  Licensing:
%
%    This code is distributed under the MIT license.
%
%  Modified:
%
%    25 September 2022
%
%  Author:
%
%    John Burkardt
%
%  Reference:
%
%    Cleve Moler,
%    Experiments with Matlab,
%    Chapter 7: Google PageRank,
%    https://www.mathworks.com/moler/exm/chapters/pagerank.pdf
%
%  Output:
%
%    integer i(2636), j(2636), v(2636): the sparse triplet information.
%    For example, there is a link from i(36) to j(36) with value v(36).
%    For this data, the value of v is always 1.
%
  i = [ ...
   2,   3,   4,   5,   6,   7,   8,   9,  10,  11, ...
  12,  13,  14,  15,  16,  17,  18,  19,  20,  21, ...
  22,  23,  24,  25,  26,  27,   1,  28,  29,  30, ...
   1,  31,  32,  33,  34,  35,  36,  37,  38,  39, ...
  40,  41,   1,  22,  42,  43,  44,  45,  46,   1, ...
  47,  48,  49,  50,  51,  52,  53,  54,  55,  56, ...
  57,  58,  59,   1,  12,  23,  60,  61,  62,  63, ...
  64,  65,  66,   1,  67,  68,  69,  70,  71,  72, ...
  73,  74,  75,  76,  77,  78,  79,  80,  81,  82, ...
  83,  84,  85,  86,  87,  88,  89,  90,  91,  92, ...
   1,  93,  94,  95,  96,  97,  98,  99, 100, 101, ...
 102, 103, 104, 105, 106, 107, 108, 109,   1, 110, ...
 111, 112, 113, 114,   1, 115, 116, 117, 118, 119, ...
 120, 121,   1, 122,   1,  52,  85, 123, 124, 125, ...
 126, 127, 128, 129, 130, 131, 132, 133, 134, 135, ...
 136, 137, 138, 139, 140, 141, 142, 143, 144, 145, ...
 146, 147, 148, 149, 150, 151, 152, 153, 154, 155, ...
 156, 157, 158, 159, 160, 161, 162, 163, 164, 165, ...
 166, 167, 168,   1, 169, 170, 171, 172, 173, 174, ...
 175, 176, 177, 178, 179, 180,   1,  85, 181, 182, ...
 183, 184,   1,  42, 185, 186, 187, 188, 189, 190, ...
 191, 192, 193, 194, 195, 196, 197, 198, 199, 200, ...
 201, 202, 203, 204, 205, 206, 207, 208, 209, 210, ...
 211, 212, 213, 214, 215, 216, 217, 218, 219, 220, ...
 221, 222, 223, 224, 225, 226, 227, 228,   1, 229, ...
 230, 231, 232, 233, 234, 235, 236, 237, 238, 239, ...
 240, 241, 242, 243, 244, 245, 246, 247, 248,   1, ...
  26,  27,  42, 249, 250, 251, 252, 253, 254, 255, ...
 256, 257, 258, 259,   1,  26,  27, 249, 258, 259, ...
 260,   1,  26,  27,  42, 249, 250, 251, 252, 253, ...
 254, 255, 256, 258, 259,   1,  26,  27, 249, 258, ...
 259, 260, 261, 262, 263, 264, 265, 266, 267, 268, ...
 269, 270, 271, 272, 273, 274, 275, 276, 277, 278, ...
 279, 280, 281,   1,  26,  27, 249, 258, 259, 260, ...
   1, 249, 260,  42, 282,  44, 283,   1,  42,  43, ...
  44,   1, 284, 285, 286, 287, 288, 289, 290, 291, ...
 292, 293, 294, 295, 296, 297, 298, 299, 106, 300, ...
 301, 302, 303, 304, 305, 306, 307, 303, 304, 307, ...
 308,   1,  31,  32,  33,  34,  35,  36,  37,  38, ...
  39,  40, 309,   1,   4, 260, 310, 311, 312, 313, ...
 314,   1,  26,  27, 249, 258, 259, 260, 315, 316, ...
 317, 318, 319, 320, 321, 322, 323, 324, 325, 326, ...
 327, 328, 329, 330, 331, 332, 333, 334, 335,   1, ...
   1, 260, 336, 337, 338, 339, 340, 341, 342, 343, ...
 130, 344,   2,   3,   4,   5,   6,   7,   8,  62, ...
  77, 170, 173, 177, 191, 210, 288, 289, 292, 312, ...
 345, 346, 347, 348, 349, 350, 351, 352, 353, 354, ...
 355, 356, 357, 358, 359, 360, 361, 362, 363, 364, ...
 365, 366, 367, 368, 369, 370, 371, 372, 373, 374, ...
 375, 376, 377, 378, 379, 380, 381, 382, 383, 384, ...
 385, 386, 387, 388, 389, 390, 391, 392, 393, 394, ...
 395, 396, 397, 398, 399, 400, 401, 402, 403, 404, ...
 405, 406, 407, 408, 409, 410, 411, 412, 413, 414, ...
 415, 416, 417, 418, 419,   2,   3,   4,   5,   6, ...
   7,  12,  63, 141, 144, 146, 147, 187, 354, 358, ...
 371, 376, 386, 389, 397, 408, 413, 420, 421, 422, ...
 423, 424, 425, 426, 427, 428, 429, 430, 431, 432, ...
 433, 434, 435, 436, 437, 438, 439, 440, 441, 442, ...
 443, 444, 445, 446, 447, 448, 449, 450, 451, 452, ...
 453, 454, 455, 456, 457, 458, 459, 460, 461, 462, ...
 463, 464, 465, 466, 467, 468, 469, 470, 471, 472, ...
 473, 474, 475, 476, 477, 478, 479, 480, 481, 482, ...
 483, 484, 485, 486, 487, 488, 489, 490, 491, 492, ...
 493, 494, 495, 496, 497, 498, 499, 500,   2,   3, ...
   4,   5,   6,   7,  19,  44, 138, 175, 201, 312, ...
 314, 353, 373, 374, 387, 388, 401, 414, 419, 423, ...
 429, 466, 491,   2,   3,   4,   5,   6,   7,  40, ...
  44, 401,   1,   3,   5,   8,  42,  61, 407,   1, ...
   1,   1,  12,  45,  61,  62,  63, 317,   1,  26, ...
  27, 249, 258, 259, 260,   1,  26,  27, 249, 258, ...
 259, 260,   1,   9,   1,   9,   1,   9,   1,   9, ...
   1,   9,   1,   9,  87,   1,   9,  87,   1,   9, ...
   1,   3,  75,  77,  78,  79,  80,  82,  83,  84, ...
  86,  87,  88,  89,  91, 383, 388, 424,   1,   9, ...
  88,   1,   9,   1,   9,   1,  84,  85,   1,   9, ...
   9, 383,   1,   9,  76,  85,   1,   9,  76,  85, ...
   2,   3,   4,   5,   6,   7,   1,   9,  73,   1, ...
   9,  76,  85,   1,   9,   1,  84,   1,   9,  10, ...
  96, 101, 102, 107,  10,   1,  10, 101, 102, 106, ...
 107, 106, 107,  10,  95,  10, 101, 102,   7,  10, ...
 101, 102,  10,  95,  96, 101, 102, 103, 104, 105, ...
 106, 108, 300, 379,   1,  10,  85, 101, 102, 104, ...
 107, 300, 379,   1,  10, 101, 102, 300,  10, 101, ...
 102,   3,  10,  96,  97, 101, 102, 106, 285, 300, ...
  10,  10,   2,   3,   4,   5,   6,   7,  11,   1, ...
  12,  42, 120,   1,  47, 120,   1, 120,   1,  12, ...
   1,  12,  42,   1,  12,  42,  15,  52, 126, 130, ...
 380, 382,  15, 130, 131,  13,  15, 123, 130,   1, ...
   3,  13,  17, 130,  13,  15,  17,  52,  85, 123, ...
 126, 129, 133, 138, 150, 358,  15, 126, 127, 131, ...
 132, 132, 130, 148, 130, 133, 138, 150, 363, 130, ...
 133, 138, 150, 435,   1,  15,  62, 130,  52, 123, ...
 130, 139, 140, 141, 142, 143, 144, 145, 146, 148, ...
  15,  42,  52, 444,   1, 130,  52, 130, 136, 160, ...
 456, 385,  15,  15, 130, 133, 138, 144, 150, 385, ...
  15, 138, 150, 353, 373,  52, 130, 148, 153, 130, ...
  52, 130, 130, 261, 281, 161, 298,  15,  15, 164, ...
   1,  16,  42, 169, 170, 171, 172, 173, 174, 176, ...
 177, 178, 179,  16,  42, 169, 170, 171, 172, 173, ...
 174, 176, 177, 178, 179,  16,  42, 169, 170, 171, ...
 172, 173, 174, 176, 177, 178, 179,  16,  42, 169, ...
 170, 171, 172, 173, 174, 176, 177, 178, 179,  16, ...
 194,  16,  42, 169, 170, 171, 172, 173, 174, 176, ...
 177, 178, 179,  16, 260,  16,  42, 169, 170, 171, ...
 172, 173, 174, 176, 177, 178, 179,  16,  42, 169, ...
 170, 171, 172, 173, 174, 176, 177, 178, 179,  16, ...
  42, 169, 170, 171, 172, 173, 174, 176, 177, 178, ...
 179,   6,  16,  42, 169, 170, 171, 172, 173, 174, ...
 176, 177, 178, 179,  16,  42, 169, 170, 171, 172, ...
 173, 174, 176, 177, 178, 179,  17,  92,  17,   1, ...
  18, 187, 192, 214, 222, 223, 361,   1,  18, 187, ...
 214, 222, 223, 228, 361,   1,  18, 185, 186, 189, ...
 190, 214, 222, 223, 483, 492,  18,   1,  18, 190, ...
 200, 214, 222, 223,   1,  18, 214, 222, 223,   1, ...
  18, 222, 223,   1, 202, 228,   1,   1,  18, 222, ...
 223,   1,  18, 190, 222, 223,   1,  18,  42, 214, ...
 222, 223,   1,  18, 187, 190, 191, 200, 202, 206, ...
 208, 214, 222, 223, 226, 344, 477,   1,  18, 187, ...
 190, 191, 200, 202, 206, 208, 214, 222, 223, 226, ...
 344, 477,   1,  18, 191, 214, 222, 223,   1,  18, ...
 214, 222, 223, 226, 314, 366, 487,   1,  18,  42, ...
 214, 222, 223,   1,  18, 189, 190, 192, 200, 208, ...
 214, 222, 223, 344,   1,  18, 222, 223,  18,  42, ...
 200, 201, 214,   1,  18, 214, 222, 223, 225, 226, ...
 227,   1,  18, 222, 223,   1,  18, 191, 200, 214, ...
 222, 223,   1,  18, 207, 208, 214, 222, 223,   1, ...
  18, 210, 211, 212, 214, 222, 223,   1,  18, 210, ...
 211, 212, 214, 222, 223,   1,   3,  18, 192, 194, ...
 207, 210, 211, 212, 214, 222, 223,   1,  18, 214, ...
 222, 223,  18,  42, 200, 201, 214,  18, 200, 201, ...
 214,   1,  26,  27,  42, 249, 250, 251, 252, 253, ...
